"members","id","ele","slp","svf","aspC","aspS","asp"
45544,1,3460.64256543123,30.1323415813665,0.89,-0.110153567378972,0.760045920219511,98.2464673552441
25918,2,3487.55991974689,43.0163793511166,0.81,-0.838189445312232,-0.00282287169284223,180.192961177839
28355,3,4102.59481572915,46.7881518267491,0.75,0.0800894015031859,-0.772029511725338,275.92260918168
26457,4,2596.85576595986,27.1261959729428,0.79,0.202755812375394,0.727566093812627,74.4280781845721
33656,5,5435.59522819111,41.7585042338561,0.84,-0.228126453231635,0.786474164537784,106.1754480963
29411,6,3183.71493658835,29.2828947645342,0.89,-0.967487301894874,-0.0758239823534684,184.481228970325
8914,7,3380.71976665919,46.9464802683662,0.52,0.0865366508720264,-0.626993514571009,277.858226287694
23442,8,3326.33478372153,49.6948865004056,0.68,-0.108240496976229,-0.589210923715515,259.590587718821
31082,9,3958.96538189306,16.7061198640167,0.96,-0.759520448382695,-0.0293975203697647,182.216547942575
52485,10,3492.00842145375,30.6311522976976,0.9,-0.0846210490045781,-0.802453983869887,263.980245553053
42412,11,4318.1181976799,43.2296197108913,0.8,0.0142965078982559,-0.774526315645161,271.057467690498
35072,12,3010.33525319343,42.3738328074063,0.8,-0.0705410038314629,0.779267759478939,95.1724405715308
13295,13,1676.68213614141,26.1117057592904,0.72,0.00442307723375497,-0.620554988270219,270.408375359675
22464,14,4784.80760327635,51.758998391074,0.74,0.472095738571969,0.00694201242051879,0.842454858724566
38868,15,4214.55739940311,28.9760565373172,0.91,-0.967187399965307,-0.0779815031801774,184.609620459801
13466,16,5094.96769642061,60.165716854488,0.67,0.331909677293056,-0.592204778786363,299.269076854993
36163,17,5368.44457041728,25.759889676447,0.93,-0.26032216790252,0.765830961888863,108.77398527674
20729,18,4339.55656326885,15.2178076857739,0.86,0.489233824763134,0.0971650163385477,11.2331409619059
30244,19,2912.84992064542,42.126378991342,0.75,0.0347586111536221,0.776098889858436,87.4356466602576
18908,20,2400.84197165221,22.2160233633061,0.79,0.164431244308771,-0.654990786072137,284.092506174211
32426,21,3736.16341824462,27.335896626144,0.92,-0.851805525053307,-0.167109756264106,191.099491962166
35565,22,4367.49652748489,36.6647719337704,0.87,-0.924370067424719,-0.326967126959541,199.479647511002
30808,23,4686.88301739808,11.2072315228176,0.98,-0.710524321814161,0.0114309006554857,179.078306192306
47798,24,3535.64377170593,35.4054185786273,0.86,-0.0537972557876713,-0.766124043386101,265.983281749098
52195,25,4944.04632627646,39.6799755754415,0.85,0.0283228394913583,-0.787467657394904,272.05986866713
28549,26,5305.97838803461,13.6179277752229,0.97,-0.14670622474451,0.691027346174448,101.986023593408
26104,27,3071.4532255593,14.6883209262696,0.88,0.122413680504881,0.65808439175888,79.4625519051577
22210,28,5366.40252138676,53.1851104511678,0.74,-0.128577105215977,0.717145745872579,100.16456895405
32017,29,4107.50401349283,12.3805733968692,0.96,-0.142097446069087,0.739728918087718,100.873716527724
40390,30,4265.53164149542,21.3096608033058,0.86,0.115370538013568,0.834405301442856,82.127809648356
35685,31,4694.89499789828,29.8209560160354,0.91,-0.865383309918737,-0.361907379617483,202.694911507631
42211,32,1953.53801141882,29.7192859491276,0.89,0.00101734682285306,-0.80997712898228,270.071964561112
23475,33,2738.43182108626,50.8426516645791,0.73,-0.23085302804578,-0.691448561631549,251.537449110776
42590,34,1881.84853251937,21.9331580288199,0.91,-0.063998468432615,0.832915403773231,94.3937852254085
31936,35,4172.95036948898,33.6761792793089,0.77,0.212447489238354,0.763273325556087,74.4461278074127
18219,36,3792.04731324442,29.4940080658883,0.7,0.164416497480646,-0.705443005175198,283.11962759549
11358,37,5178.29644303575,56.9886684850178,0.66,0.109384224915725,0.709004658113764,81.2296365268282
51831,38,4954.47732052247,30.5530841397328,0.9,-0.168617518753107,0.820490511238103,101.613066198148
27871,39,3093.57927594991,17.0355394407599,0.83,0.166231131729785,0.628762582321311,75.1910658524557
19126,40,3820.85538011084,29.7557000286283,0.72,0.252775423547512,0.679347666286992,69.5904952427014
36281,41,3764.91485901712,42.8050687155542,0.8,-0.0798209487555226,0.767060262868446,95.9408656487511
39790,42,4796.67868811259,47.1457436151536,0.77,-0.115788361008423,0.78967506428882,98.3417146682302
59031,43,4505.5579610713,30.5646209565351,0.89,-0.00133639579780916,0.845482374573591,90.0905634197815
28772,44,3454.91867093007,42.2670678710319,0.74,0.00976421872793126,-0.757457661442267,270.738546280092
21998,45,1577.26011455587,33.8352180334777,0.79,0.104143782371919,-0.700853552966516,278.452056152012
52782,46,3984.11253836535,37.8734741976004,0.84,0.0292486562306794,-0.799238926667183,272.095840170449
30908,47,5311.74572926103,41.4296238541687,0.85,-0.731240809030261,0.0211772925019837,178.341134125189
29156,48,2423.37920153656,26.2895777068682,0.9,0.413118687546497,-0.0147741391722727,357.951835038016
28439,49,4167.39593515946,48.3210591906323,0.78,-0.467289873390707,0.011078527179536,178.641883761215
29939,50,3158.69758508968,37.4258236420156,0.85,-0.745434008976742,-0.0489993989928445,183.760796661014
23392,51,2291.86486833105,17.6286171064364,0.86,0.186039026905427,0.707531023571349,75.2680515834046
32028,52,5417.55670038716,43.5778339263709,0.84,0.0227017252263906,-0.788813874049267,271.648492950148
19640,53,1967.27515274949,46.9972423946555,0.72,-0.2058775876643,-0.620780913575393,251.652264130101
27053,54,5420.94558828965,47.5058532198709,0.79,-0.175709722482096,0.790387603845366,102.533507284772
30429,55,4787.61500542246,13.7936731826357,0.91,0.0918399287224426,0.723981678011924,82.7704188585742
23267,56,2706.44646924829,20.3177527320911,0.94,0.350759113206311,0.0362434035962915,5.89934951801709
25078,57,3115.90378020576,29.5062526388709,0.88,0.967848135282716,-0.04333019825077,357.43660113552
44589,58,5355.5135347283,35.9537344949696,0.89,-0.0821979033728036,-0.810806124806918,264.211245705799
33159,59,2903.85096052354,20.0301787606617,0.95,-0.0177282433709634,-0.800269907264567,268.73094389356
26890,60,1846.19152101153,29.9643076999689,0.88,-0.00255250595316084,0.0153155934505547,99.4619838597246
28065,61,3086.55859611616,33.967547181627,0.79,0.683192765281667,-0.0429426041981721,356.403361532537
27508,62,3095.71037516359,13.249263680162,0.89,-0.124285851254983,-0.698999784515586,259.917874625946
19102,63,3882.0638153073,10.458264442784,0.9,0.00432459679587313,0.0292241924884103,81.5824569605006
51567,64,4948.12983109353,30.0786898246114,0.92,-0.0805693600763897,-0.844414899437026,264.549656133082
40298,65,3279.72120204477,39.2678980818927,0.83,-0.0275736953135672,-0.781274399272572,267.978685983205
43023,66,2481.25337610116,33.2372253626131,0.88,-0.0322627615235342,-0.811444043924791,267.723136992118
36567,67,2116.16594196954,37.4467647137507,0.84,-0.0386614824285297,-0.781400275030876,267.167476201139
53091,68,4840.64123862802,21.484929849883,0.95,-0.197524395384448,-0.808285837034694,256.267516788382
36525,69,3095.49733059548,24.8456775124621,0.93,-0.043141851245856,0.763202835073499,93.2353368201626
23884,70,4426.19891977893,20.0626387214792,0.83,0.208522332336725,-0.705000076861759,286.476969790748
46472,71,3828.35709674643,20.5350726996558,0.95,-0.182153870929463,-0.780362435451448,256.861152175753
35426,72,4682.69056625078,29.1803817806728,0.92,-0.830014448873906,0.360186550379897,156.541463827021
20538,73,3169.6966111598,48.844889163214,0.76,-0.716069854509701,-0.0249229504253615,181.9933860686
27821,74,2192.02818015168,14.2365626876685,0.96,-0.033355903438967,0.737392744636153,92.5900045377099
14749,75,1803.33751440776,16.969247004478,0.79,0.193448438307673,0.571407061091517,71.2965977365983
29138,76,2246.31216967534,44.9593323746308,0.78,-0.188055757104687,-0.757856531824069,256.064013545828
34826,77,4178.33779360248,10.418730617942,0.93,-0.0375421813311362,-0.775114299173045,267.227081347203
22022,78,3248.77154663518,17.3376060954894,0.77,0.0731820647392719,-0.641145873654726,276.511708178537
54983,79,3974.85286361239,33.3256712963452,0.88,-0.0405834532431264,-0.798343485674522,267.089898287588
32874,80,4070.71859220052,41.3180756353355,0.83,-0.966966070826593,0.0160502676643425,179.049058510067
14723,81,4195.40311077905,57.2662423965637,0.63,0.0718281366228325,0.700930781899239,84.1490179092436
25077,82,3905.73158671292,50.7873152820752,0.69,0.00919144663830769,0.729050294471296,89.2776860465224
38437,83,2698.56776023103,40.7549081794369,0.83,-0.0982446555273578,-0.792739340203946,262.935321495209
32084,84,3563.88043884802,46.1824269624455,0.75,-0.0331502529345281,0.771403931583117,92.460710366822
26517,85,5402.19832560244,50.2822592567523,0.79,0.166342569249718,-0.757303671152978,282.38834841385
13462,86,1842.41761996732,42.5934237184168,0.63,-0.270001985215133,-0.60718308186964,246.026256654222
28178,87,5303.54425438285,31.6953347004563,0.9,-0.780116863517224,-0.01571109345043,181.153747233199
31114,88,4142.04567075914,38.9825648851694,0.82,0.965990407992032,0.0151113631165877,0.89622702890214
52527,89,4399.38007120148,35.3027824937871,0.87,0.110170402652375,-0.847985487338183,277.402413110694
41276,90,4163.20203023549,11.6949547703819,0.98,-0.117697563890831,-0.767474719340233,261.281222320226
34941,91,3760.53467273404,34.7703605492487,0.87,-0.966902613792958,-0.0235902797806795,181.3976127068
34410,92,2952.69473990119,42.9566323544585,0.78,-0.0599297585061989,-0.786361823107267,265.64183139865
34946,93,4685.10072683569,43.8346160133148,0.83,-0.969381963817741,0.0280429013287737,178.342973185435
30299,94,3765.77580118156,27.6219588921815,0.8,0.165684909415375,-0.729306101018964,282.799299896154
33636,95,3973.10580925199,15.7185578109306,0.88,0.064256795754108,-0.789365617828753,274.653791866536
27740,96,3736.91074260995,12.6498092933198,0.84,0.0487923286836019,-0.633705262635121,274.402819236693
23280,97,2504.8191580756,37.8237793116543,0.86,-0.962030386113725,-0.0254549172108072,181.515668452586
11758,98,3167.45832624596,26.1631884490296,0.66,0.209657671654662,0.552214935424766,69.2098934215368
21285,99,3882.36396523373,14.9737546586069,0.8,0.234851815312371,0.596936300496328,68.5239045860783
26720,100,1414.87780688623,14.1598628031081,0.89,-0.00326408279757995,0.741085264319837,90.2523555223136
25593,101,4589.20443089907,52.483139997009,0.7,0.0636765671137097,0.740279089999842,85.0836917252589
22361,102,1691.32610348374,41.4113631585244,0.75,-0.0139427873426641,0.610850579772229,91.3075606474739
23518,103,1899.20703291096,38.7695431949735,0.82,-0.13268592572628,-0.0240338294434494,190.266852521844
17351,104,1629.53679903176,13.9685333890773,0.84,0.143477166034675,-0.544982543633525,284.749531651443
17349,105,3083.26866101793,17.5171715317491,0.75,0.26964548351348,0.589143435874319,65.4068698111737
57263,106,4460.72893491434,37.504046456163,0.84,-0.0443064534304599,0.811955337023928,93.1233954943179
27241,107,4571.32315260086,24.602922562665,0.81,0.251580458773882,0.695356194327594,70.1098333176895
53020,108,4401.55528102603,23.4002901270102,0.93,-0.133025575634339,0.792366419639784,99.5301669543097
28057,109,4751.28213992943,39.3355733141296,0.84,0.967687018741314,-0.0456678363855493,357.298057825301
32314,110,3610.95491118401,32.4329148393714,0.84,0.874287982927439,0.0804919701895231,5.26014993488058
25682,111,4797.99906549334,31.3077864188832,0.88,0.965988671431871,-0.0529606360043018,356.861882358145
45049,112,3033.5136185043,35.0567525505794,0.87,-0.0712593533393065,-0.809291419789194,264.967996273782
28192,113,3009.32335414302,17.8617641583924,0.83,0.00744609336612487,-0.65501657690682,270.651298551644
22785,114,2530.28198376125,31.6906137490198,0.84,0.917602121393074,0.00544056709959848,0.339709197462882
7865,115,2056.89701207883,50.7910147978851,0.51,-0.389746148252935,-0.518047655024443,233.044521385086
47702,116,4838.61865330594,21.5850336589727,0.94,-0.173094282890925,0.781203912668714,102.493396757914
32115,117,3417.85692044216,30.1018983925482,0.79,0.191917191370921,0.747825585805185,75.606597464311
54553,118,4797.93747364948,35.2917341288737,0.89,-0.102858081128035,-0.829424313760265,262.930760869387
10777,119,2180.52018186879,50.4200201471666,0.59,-0.102917375080954,0.622047081464689,99.3944548400545
9946,120,3382.81479991957,56.3481467230258,0.54,0.0525473176408731,0.604866531389689,85.034938563497
31299,121,4335.90440589156,24.7581142680603,0.91,0.965070328367686,-0.0618795907073363,356.331259527479
39086,122,2767.30251240854,35.6172442396815,0.84,-0.0162837004593242,0.783202955244398,91.1910742992935
39355,123,1847.45440223606,23.4370821041504,0.93,-0.0433032308222667,-0.844189307222616,267.063550018262
62741,124,4000.90346025725,27.3761702009981,0.92,-0.0973978455733379,-0.815865059863369,263.192256933717
44453,125,3700.20275346996,21.7944107452411,0.93,-0.155605730005142,0.72877705809838,102.05259781954
21753,126,2394.04169539834,38.6591241810198,0.76,0.398888698919527,-0.0241232139203191,356.539192451379
31084,127,3340.46084802471,14.2140130712264,0.97,-0.10820457173375,-0.751070478482544,261.801968311914
48981,128,4656.46042342949,11.5147309722285,0.98,-0.130702744939886,-0.803260158627417,260.758093852533
44215,129,4925.02903991858,44.8870025962676,0.81,0.130953564773233,-0.770028751848772,279.651565468168
27154,130,2304.86215658835,15.932126041771,0.97,0.0924323207670066,-0.735475242363417,277.163205549139
25896,131,4873.36677479147,21.296657162187,0.86,0.0857992857770951,0.757823872102931,83.5405935943021
4647,132,4831.20098988595,59.7215104494722,0.57,0.31065777365608,-0.0583923748360191,349.354682873382
31692,133,3717.15537044049,16.9198819237407,0.86,0.111833866375572,0.71232046607155,81.0774330084666
37719,134,2461.43254062939,24.3190423962454,0.92,-0.0463560866120592,0.792121821462488,93.3492099339607
41125,135,2840.01561094225,31.7544007442444,0.88,-0.0768139103751124,0.772891735585255,95.6757077817606
24862,136,4669.12706137881,13.5238043164919,0.89,0.137746258680942,-0.698513364808132,281.15554632685
45519,137,4384.13152749401,44.050068728019,0.8,-0.120796949275963,0.788441466507065,98.7105407671083
27480,138,3731.13930131004,27.7806134666481,0.89,0.962345137355852,0.0751426141208386,4.46475650421239
13239,139,2686.18120703981,47.5342474847616,0.6,-0.140342963312068,-0.577587619636726,256.342866134629
47657,140,4017.1777283505,29.0627392367599,0.9,-0.17815728768111,0.751961682969861,103.328939395906
14322,141,2220.80938416422,24.7763640880741,0.71,0.197808097478161,0.60114710770988,71.786154314063
41669,142,4015.80616285488,31.0731392933042,0.82,0.0921833560736071,0.813688914542424,83.5364817752363
42128,143,4508.83201196354,20.7092798807094,0.95,-0.963808649780425,-0.103167679644985,186.109771249609
25168,144,1254.88878734901,11.3930909184513,0.96,-0.370770503372617,-0.701114434158437,242.128760707736
48617,145,3356.17057819281,34.936766534213,0.84,-0.0338623910036059,0.776053334879174,92.4984651000355
19282,146,2529.04460118245,47.8064966066596,0.67,-0.0996699500541572,-0.610534055024647,260.728228156057
28700,147,2277.39714285714,41.4179611162052,0.78,-0.0550213370035799,0.762765898746624,94.1258262992543
35406,148,5393.08834660792,26.5965306100133,0.93,-0.184893021129536,-0.802672515057275,257.028366699471
49699,149,3411.53675124248,24.2947639662351,0.93,-0.100816153218395,-0.814559141136119,262.944510615416
30041,150,1440.97956126627,17.909827969244,0.91,0.0799980099478591,-0.733989329842668,276.220154901085
38947,151,2176.87354610111,32.3127041722755,0.88,-0.128245737685337,0.801621743137106,99.0893192825852
36827,152,5414.72742824558,34.9162288202828,0.89,-0.269118209994493,0.77228993989382,109.211803013336
24464,153,2471.61367724003,46.5800354128303,0.71,-0.0541252166325743,0.654409620617687,94.7280845751542
54212,154,4926.34610418358,37.6562803068056,0.86,-0.210870609025535,0.798072895161029,104.800715011256
15472,155,1796.64548862461,45.5025957335217,0.68,-0.0237251515604144,0.598251934925349,92.2710149714539
28596,156,3302.84872010071,19.4032049125079,0.94,-0.293351613846624,-0.0926195048051621,197.522398644997
33351,157,4214.54783964499,33.636458785257,0.86,0.965905343535184,-0.0262182039068967,358.445164760899
24612,158,3225.7267593044,48.5072839068742,0.69,0.017712642959703,0.714975719815254,88.5808579032089
36595,159,1716.32127339801,10.3396845182839,0.96,0.0375438758526605,-0.790619082558415,272.71874403357
19715,160,4113.31351762617,22.1209661259426,0.76,0.215236629512653,-0.658212392735575,288.107837307014
27186,161,4697.22574119032,44.8902716692182,0.79,0.756415404846015,-0.0332983712687731,357.479394043317
34377,162,2177.02356226547,35.7874702243654,0.83,-0.0568820834643508,0.770182609282234,94.2239293392176
22240,163,3176.41888489209,38.3131776630805,0.72,0.589197657509478,0.0801060496108443,7.74233964705238
3716,164,3179.97012917115,57.1269450712986,0.4,0.0318807664140862,-0.438583286107483,274.157537102147
34671,165,4854.6483228058,36.7750790172017,0.88,-0.970142529939745,0.0346884396057587,177.952203132172
64635,166,4392.04127794539,31.1110897015956,0.9,-0.0226713782142576,-0.844572293044399,268.462343096035
25663,167,1306.15995791607,8.09854622344891,0.94,-0.0914862024460437,0.699691026067902,97.4492946302026
66043,168,4470.17356873552,26.2921372969342,0.93,-0.0826786215338305,-0.849056970284508,264.438243959771
19974,169,3331.20701912486,51.6605758055901,0.63,0.134317942824104,0.577269474744964,76.9015885816444
24728,170,2625.01928987383,45.2964055987595,0.8,-0.746073769798908,-0.00427430986215943,180.328248017836
30206,171,5306.1749983447,14.0184407317971,0.97,-0.140536936056314,-0.718685195210915,258.935585862886
27103,172,1937.86857543445,17.8407764408345,0.93,0.10123177075335,-0.022409234707087,347.51797028023
49077,173,4915.05489333089,42.5808499259067,0.82,-0.161015973958646,0.796765794064151,101.424860973721
25089,174,1568.23492367173,31.9640294382005,0.86,0.069968262133821,-0.776254063264194,275.150481332328
40157,175,2388.80426824713,25.9610363005493,0.92,-0.00272465563887392,-0.806416699381026,269.80641438252
28201,176,5239.2151342151,48.8948907281373,0.8,-0.558030729013499,0.0298065767578114,176.942516597478
21463,177,5342.17695569119,56.2419621566743,0.73,0.209482626362716,-0.660787172426024,287.589646665073
27139,178,4442.22941154796,14.7219899893431,0.95,0.965252696317702,-0.0154230636646039,359.084590731832
34671,179,4220.26659167604,48.4184784218203,0.75,0.00410833707923627,0.778643431180213,89.6976945008237
33077,180,3713.98083260272,44.4016394926732,0.79,-0.0693318517108951,-0.758834811434687,264.779596526134
17994,181,2540.02939868845,47.2746859035354,0.65,0.0563244429980388,0.612513030849377,84.7460668610837
24298,182,3868.36513293275,50.6368252518107,0.72,0.0718639614043464,-0.0861001087575859,309.850262228154
62855,183,4344.62760321375,20.47934655787,0.95,-0.120177279282032,-0.83206925433687,261.781499127098
46056,184,4648.30640958833,11.1268712337797,0.97,-0.041048372161169,0.796941390123128,92.9485504745897
33631,185,4178.60393684398,12.2169948488507,0.91,0.0769902446096753,0.788119479657025,84.4205620580348
18263,186,4072.57241417073,52.2059829950601,0.66,0.13271435337052,-0.598119604143544,282.510447637543
22655,187,3167.88364599426,14.4851216616901,0.97,-0.0662163093492255,0.681225988686533,95.5518049680722
33853,188,4354.72259474788,36.3072081115131,0.87,-0.863784231472894,0.381403551855597,156.176165014764
27888,189,3710.9872346529,37.1024687877035,0.77,0.721900090711465,0.0205894813748939,1.63370344326586
37315,190,1634.05796596543,28.8891723183175,0.86,0.0274870348129554,0.806059439028905,88.0469417212999
43664,191,3927.39810828142,35.6018395700304,0.86,-0.0895216116824475,0.769652013209868,96.6345118430174
24583,192,1633.23931171948,36.3125142027012,0.8,0.0243238920985907,0.774333102619834,88.2007766105643
19784,193,4553.17256368783,52.5993732834326,0.71,0.066446645143785,-0.70724709557758,275.367246827812
42392,194,2935.540762408,29.5137869565518,0.91,-0.0470456582271443,-0.779798136332835,266.547498258431
17943,195,2817.36738560999,26.399837494656,0.71,0.0663121123843551,-0.693304522459462,275.46351750626
12318,196,3319.80686799805,28.867853826453,0.63,0.103577168484651,-0.626992370684877,279.380364844244
13657,197,3660.01010470821,53.16416520377,0.6,0.059696589755918,-0.581130632874539,275.86513089644
31630,198,5116.26667720519,21.3771767026676,0.95,-0.584941744536805,-0.0130967233329061,181.282626221821
33687,199,4795.29578175557,49.3964047618743,0.77,0.0735191570805078,-0.758995129950901,275.532626888641
46672,200,4499.08236201577,41.1743317782628,0.84,-0.0174932233229977,-0.78102347706128,268.716913968671
